najmniejszy
    1
    
    sciezka: 0 37 38 20 40 22 42 43 41 2 28 27 33 9 6 31 5 30 29 4 24 3 8 11
    10 1 26 47 21 44 19 39 45 16 15 14 35 36 46 13 34 23 7 32 12 17 18 25 0

170
    1

    sciezka: 0 81 80 79 82 78 72 168 50 84 83 109 114 102 162 123 101 100 99 163
    165 96 95 98 97 105 106 107 69 70 167 67 68 62 57 56 64 65 63 66 61 59 58 54
    55 43 53 52 51 60 71 85 86 87 153 88 89 90 154 91 94 92 93 166 108 110 111 1
    77 73 170 49 48 47 46 44 45 42 41 155 34 33 157 36 35 156 40 39 38 37 158 32
    31 30 28 27 26 29 21 17 16 159 15 14 151 160 161 148 149 150 25 24 23 22 20
    19 18 13 12 11 75 74 76 10 9 8 7 6 142 152 141 140 139 138 136 137 147 143
    144 145 146 135 130 128 129 124 121 122 120 119 117 116 115 113 104 103 118
    125 126 127 164 131 134 133 132 112 169 5 4 3 2 0
    
403
    2789

    0 373 47 219 13 62 79 371 157 37 332 248 402 309 215 49 299 188 154 226 230
    184 381 324 194 12 280 32 83 267 1 237 343 292 336 325 326 265 243 132 390
    391 112 241 133 310 367 337 138 190 195 175 327 84 104 124 162 379 363 374
    369 180 266 45 89 302 199 142 250 222 350 351 316 85 225 229 238 255 392 141
    204 291 298 51 92 6 306 270 211 278 59 140 284 300 244 257 271 179 44 60 66
    26 172 96 114 67 385 295 217 338 346 181 269 20 313 9 218 296 305 31 176 231
    35 308 165 33 98 100 178 359 27 95 314 207 339 110 360 91 289 321 366 34 43
    129 201 240 245 368 164 97 136 333 189 203 150 355 131 193 192 214 349 256
    82 318 65 224 72 90 109 128 48 130 388 111 101 151 312 212 146 361 293 396
    398 378 331 242 297 15 7 152 36 137 389 221 118 232 70 166 210 148 161 342
    354 8 285 387 187 191 375 116 120 108 73 261 262 376 106 356 209 362 205 134
    123 144 382 78 75 153 279 17 16 253 169 196 281 294 329 348 185 174 126 182
    117 239 25 163 121 235 68 334 170 4 139 30 206 202 383 384 93 247 288 249
    301 127 55 335 56 50 54 167 61 2 386 107 328 370 358 357 273 125 122 228 234
    69 88 283 168 86 24 377 19 105 42 323 159 352 347 149 39 40 52 143 307 38
    395 287 10 311 46 322 282 145 197 220 401 213 71 63 171 259 276 177 319 74
    286 315 380 233 5 87 340 41 272 274 264 290 330 3 64 365 160 320 227 236 57
    303 364 263 353 14 394 304 102 76 155 29 53 186 147 156 77 208 317 113 251
    260 397 268 183 258 275 135 99 103 341 80 246 158 21 22 81 198 399 252 400
    173 345 393 23 94 115 223 254 344 277 58 18 200 216 119 11 28 372 0
