20
 -1 429 703 237 117 987 747  40 228  65  64 422 364 186 870 378  72 880  88 738 
142  -1 547 756 256 147 513 497 470 188 506 406 915 525 510  25 308 782 454 976 
761 868  -1 883 199 698 762 805 352  28 872 908 586 331 718 605 360  62 957 404 
673 234 808  -1 416  31 865 878 518 701 916 575 882 851 713 696 622 232 488 434 
 53 370 455 716  -1 418 969 308 165 904 599 210 705 851 102 402 589 124 213 774 
591 472 505 686 682  -1 732 878 569 170 316 533 939 697   2  31 436 226 574 448 
186  68 978 157 446 793  -1 954 872 683  39 578 210 979 351 535 667 321 133 721 
917 939 521 879 128 586 153  -1 301 424 340  54 962 238 252 116 623 888 437 804 
 70 863  78 611 150 629 200 317  -1 835 790 229  17 960 953 677  12 719 360 584 
 26   8   4 716 488  87 238 945 438  -1 309 197 217 705 831 240 608 672 715 684 
250   2 361 668 994 840  34 393 365 559  -1 862 662 927 459 807 103 225 113 218 
741 613 352 786 162 579 542 337 172 212 937  -1 135 637 632 227 538 738 595 198 
332 819 947 615 889 862 690 669 308 734 183 678  -1 640 806 694 873 447 886 632 
403 935   3 554 694 531 842 265 772 573 847  18  89  -1 883 231 940 561 563 822 
195 917 352 192 135 132 159 114 788 398  66 707 182 590  -1 199 714 439 644  54 
565  90 550 665 325 773 413   1 377  58 690 499 444 586 723  -1 730 999 566 437 
 13  14 470 725 438 373 938 661 274 897 274  82 394 934 711 189  -1 752 178 202 
 42 209 232 473 411 143 553 135 711 245 211 304 398 871 865 368 476  -1 764 316 
 96 822 775 846 103 678 879 628 827 702 606 103 609 834 208 533 484  69  -1 379 
887 628 833 334 363 306 787 717 319 252 414 787  99 686  10 589 799 775 620  -1 